597,3
597,2
597,1
597,0
596,5
596,4
596,3
596,2
596,1
596,0
595,4
595,3
595,2
595,1
595,0
594,3
594,2
594,1
594,0
593,5
593,4
593,3
593,2
593,1
593,0
592,4
592,3
592,2
592,1
592,0
591,3
591,2
591,1
591,0
590,3
590,2
590,1
590,0
589,5
589,4
589,3
589,2
589,1
589,0
588,4
588,3
588,2
588,1
588,0
587,4
587,3
587,2
587,1
587,0
586,4
586,3
586,2
586,1
586,0
585,3
585,2
585,1
585,0
584,3
584,2
584,1
584,0
583,5
583,4
583,3
583,2
583,1
583,0
582,4
582,3
582,2
582,1
582,0
581,3
581,2
581,1
581,0
580,5
580,4
580,3
580,2
580,1
580,0
579,4
579,3
579,2
579,1
579,0
578,3
578,2
578,1
578,0
577,3
577,2
577,1
577,0
576,5
576,4
576,3
576,2
576,1
576,0
575,4
575,3
575,2
575,1
575,0
574,4
574,3
574,2
574,1
574,0
573,4
573,3
573,2
573,1
573,0
572,3
572,2
572,1
572,0
571,3
571,2
571,1
571,0
570,5
570,4
570,3
570,2
570,1
570,0
569,4
569,3
569,2
569,1
569,0
568,3
568,2
568,1
568,0
567,5
567,4
567,3
567,2
567,1
567,0
566,4
566,3
566,2
566,1
566,0
565,3
565,2
565,1
565,0
564,3
564,2
564,1
564,0
563,5
563,4
563,3
563,2
563,1
563,0
562,4
562,3
562,2
562,1
562,0
561,4
561,3
561,2
561,1
561,0
560,4
560,3
560,2
560,1
560,0
559,3
559,2
559,1
559,0
558,3
558,2
558,1
558,0
557,5
557,4
557,3
557,2
557,1
557,0
556,4
556,3
556,2
556,1
556,0
555,3
555,2
555,1
555,0
554,5
554,4
554,3
554,2
554,1
554,0
553,4
553,3
553,2
553,1
553,0
552,3
552,2
552,1
552,0
551,3
551,2
551,1
551,0
550,5
550,4
550,3
550,2
550,1
550,0
549,4
549,3
549,2
549,1
549,0
548,4
548,3
548,2
548,1
548,0
547,4
547,3
547,2
547,1
547,0
546,3
546,2
546,1
546,0
545,3
545,2
545,1
545,0
544,5
544,4
544,3
544,2
544,1
544,0
543,4
543,3
543,2
543,1
543,0
542,3
542,2
542,1
542,0
541,5
541,4
541,3
541,2
541,1
541,0
540,4
540,3
540,2
540,1
540,0
539,3
539,2
539,1
539,0
538,3
538,2
538,1
538,0
537,5
537,4
537,3
537,2
537,1
537,0
536,4
536,3
536,2
536,1
536,0
535,4
535,3
535,2
535,1
535,0
534,4
534,3
534,2
534,1
534,0
533,3
533,2
533,1
533,0
532,3
532,2
532,1
532,0
531,5
531,4
531,3
531,2
531,1
531,0
530,4
530,3
530,2
530,1
530,0
529,3
529,2
529,1
529,0
528,5
528,4
528,3
528,2
528,1
528,0
527,4
527,3
527,2
527,1
527,0
526,3
526,2
526,1
526,0
525,3
525,2
525,1
525,0
524,5
524,4
524,3
524,2
524,1
524,0
523,4
523,3
523,2
523,1
523,0
522,4
522,3
522,2
522,1
522,0
521,4
521,3
521,2
521,1
521,0
520,3
520,2
520,1
520,0
519,3
519,2
519,1
519,0
518,5
518,4
518,3
518,2
518,1
518,0
517,4
517,3
517,2
517,1
517,0
516,3
516,2
516,1
516,0
515,5
515,4
515,3
515,2
515,1
515,0
514,4
514,3
514,2
514,1
514,0
513,3
513,2
513,1
513,0
512,3
512,2
512,1
512,0
511,5
511,4
511,3
511,2
511,1
511,0
510,4
510,3
510,2
510,1
510,0
509,4
509,3
509,2
509,1
509,0
508,4
508,3
508,2
508,1
508,0
507,3
507,2
507,1
507,0
506,3
506,2
506,1
506,0
505,5
505,4
505,3
505,2
505,1
505,0
504,4
504,3
504,2
504,1
504,0
503,3
503,2
503,1
503,0
502,5
502,4
502,3
502,2
502,1
502,0
501,4
501,3
501,2
501,1
501,0
500,3
500,2
500,1
500,0
499,3
499,2
499,1
499,0
498,5
498,4
498,3
498,2
498,1
498,0
497,4
497,3
497,2
497,1
497,0
496,4
496,3
496,2
496,1
496,0
495,4
495,3
495,2
495,1
495,0
494,3
494,2
494,1
494,0
493,3
493,2
493,1
493,0
492,5
492,4
492,3
492,2
492,1
492,0
491,4
491,3
491,2
491,1
491,0
490,3
490,2
490,1
490,0
489,5
489,4
489,3
489,2
489,1
489,0
488,4
488,3
488,2
488,1
488,0
487,3
487,2
487,1
487,0
486,3
486,2
486,1
486,0
485,5
485,4
485,3
485,2
485,1
485,0
484,4
484,3
484,2
484,1
484,0
483,4
483,3
483,2
483,1
483,0
482,4
482,3
482,2
482,1
482,0
481,3
481,2
481,1
481,0
480,3
480,2
480,1
480,0
479,5
479,4
479,3
479,2
479,1
479,0
478,4
478,3
478,2
478,1
478,0
477,3
477,2
477,1
477,0
476,5
476,4
476,3
476,2
476,1
476,0
475,4
475,3
475,2
475,1
475,0
474,3
474,2
474,1
474,0
473,3
473,2
473,1
473,0
472,5
472,4
472,3
472,2
472,1
472,0
471,4
471,3
471,2
471,1
471,0
470,4
470,3
470,2
470,1
470,0
469,4
469,3
469,2
469,1
469,0
468,3
468,2
468,1
468,0
467,3
467,2
467,1
467,0
466,5
466,4
466,3
466,2
466,1
466,0
465,4
465,3
465,2
465,1
465,0
464,3
464,2
464,1
464,0
463,5
463,4
463,3
463,2
463,1
463,0
462,4
462,3
462,2
462,1
462,0
461,3
461,2
461,1
461,0
460,3
460,2
460,1
460,0
459,5
459,4
459,3
459,2
459,1
459,0
458,4
458,3
458,2
458,1
458,0
457,4
457,3
457,2
457,1
457,0
456,4
456,3
456,2
456,1
456,0
455,3
455,2
455,1
455,0
454,3
454,2
454,1
454,0
453,5
453,4
453,3
453,2
453,1
453,0
452,4
452,3
452,2
452,1
452,0
451,3
451,2
451,1
451,0
450,5
450,4
450,3
450,2
450,1
450,0
449,4
449,3
449,2
449,1
449,0
448,3
448,2
448,1
448,0
447,3
447,2
447,1
447,0
446,5
446,4
446,3
446,2
446,1
446,0
445,4
445,3
445,2
445,1
445,0
444,4
444,3
444,2
444,1
444,0
443,4
443,3
443,2
443,1
443,0
442,3
442,2
442,1
442,0
441,3
441,2
441,1
441,0
440,5
440,4
440,3
440,2
440,1
440,0
439,4
439,3
439,2
439,1
439,0
438,3
438,2
438,1
438,0
437,5
437,4
437,3
437,2
437,1
437,0
436,4
436,3
436,2
436,1
436,0
435,3
435,2
435,1
435,0
434,3
434,2
434,1
434,0
433,5
433,4
433,3
433,2
433,1
433,0
432,4
432,3
432,2
